39 41 43 61 66  7
 6 20 38 39 57 12
14 24 30 33 69  1
 4 17 34 60 63  4
 2 36 40 44 54 10
20 52 55 68 69 21
20 23 42 48 56 10
35 39 49 58 62  4
 4  7 38 55 58 17
 3 12 37 38 45 10
 9 10 26 52 67 17
 1 16 30 32 43 25
 2  4 43 61 65 26
20 21 31 46 47 23
 1  5 31 59 60 12
 3 24 56 61 64  5
 5 28 30 33 68 23
 4  6 18 19 65 19
 4  8 26 27 59 19
 2  8 48 53 58 19
31 35 63 64 66  7
 4 13 36 59 60 16
 8  9 39 62 68 19
 1  4  7 20 44 24
17 33 50 52 69  2
 9 15 48 51 57 24
20 21 26 44 51  3
12 13 19 30 44  1
 8 10 13 33 42 21
 1 11 16 23 69 22
 3 22 24 31 61 17
18 36 40 46 51 26
 6 13 30 43 50 10
19 26 53 59 66  9
 3 14 23 25 39 15
 3 20 37 57 68 26
20 22 35 44 65 12
18 26 31 46 68 10
20 36 38 52 61 26
 1  7 25 52 61 25
11 39 53 54 58 12
11 17 18 19 51 20
 6 14 18 43 54 26
40 41 43 57 69 15
18 35 37 60 65  3
20 21 33 61 62 25
10 14 27 29 38 24
22 33 36 38 65 22
11 21 36 46 64 10
 3 24 31 50 65 10
13 30 40 42 68 16
27 33 37 47 49 18
11 31 37 55 66 14
 7 10 14 28 59  4
11 18 35 51 62 22
32 37 42 56 63 18
 5 13 21 32 62  8
 8  9 13 16 21  4
25 38 53 59 62 22
 1 24 36 66 67 23
10 15 23 61 67 20
12 28 42 47 50  6
 4 10 13 34 52 17
19 21 56 63 68 15
 1 14 46 51 56 24
 2 17 27 35 68 25
 3 16 17 27 38 14
 1  5  9 38 50 24
 6 14 21 41 58 13
11 50 51 58 69  7
 2 23 30 36 38  8
25 36 38 58 65 24
40 41 48 61 66 13
13 14 19 21 35  6
33 38 40 44 61 21
14 29 61 67 68 25
 9 14 26 44 64  4
 7 20 26 32 64  9
29 37 39 53 58 18
25 27 29 55 64  3
 9 13 22 50 55  7
19 23 36 50 58 19
23 27 38 57 64 23
32 40 43 67 69 10
 6 12 38 47 69 19
37 38 49 53 65 21
 4  6 10 35 41 18
32 41 42 46 68 14
 4 26 38 65 67  6
 6  7 21 31 37  2
16 17 18 39 66 18
 1 13 17 53 67 24
 2 14 46 57 60 19
25 38 42 62 64 10
20 21 23 38 44 19
 1 13 17 36 45  9
11 19 57 59 64 10
 4 10 23 57 58 12
 6 15 24 31 59 13
25 28 30 50 54  1
 8 22 47 55 68 15
 9 26 39 52 66 20
28 41 50 66 68  6
 5  9 12 23 58  4
 2 33 36 47 51  5
 1 24 26 31 34 13
 1  7 34 35 61  4
 9 17 19 20 51 10
 3 10 14 20 48 19
 6 15 21 32 46 13
17 37 39 46 55 11
 2 11 21 54 67  7
29 32 40 48 56  7
 9 23 31 41 54  2
10 11 27 41 47  5
29 30 60 63 64  2
 9 13 18 20 69 20
 3 19 30 50 63 21
 3 15 23 45 55 25
 2 15 31 38 60  5
 5  7 11 32 50 19
 8 17 28 44 53  1
 4 27 35 37 54  6
13 29 39 43 44  2
 5  7 15 18 64  5
 4 22 52 63 66 13
16 18 30 42 59 12
 6 15 34 39 54  4
 9 29 35 38 66 15
 2  4  8 26 59 14
31 51 55 65 67 25
26 46 57 64 67  6
29 39 41 50 63 24
 8 27 31 42 55 14
 3 17 18 56 69  5
32 41 44 49 54 20
 7 34 40 55 59 14
 6 13 27 38 51 22
10 22 38 54 63  7
 7 18 21 49 69 20
 3  4 25 31 58  3
10 16 20 25 69 23
28 29 45 60 61  3
 5  8 20 55 57  9
30 39 45 46 59  1
 3  4 22 28 41  5
 7 30 54 60 62  2
15 20 25 28 45 11
21 46 49 52 61 18
35 44 56 62 65  7
 5 14 23 25 33 20
 9 14 22 45 66 14
15 37 38 43 44 25
11 43 49 53 65  5
29 52 62 65 68  4
14 23 34 41 55  4
 5 24 38 45 46 25
 7 27 28 42 53 14
 2 33 34 52 63  2
 3  5 57 61 62  6
 3 22 31 32 47 24
24 47 50 54 63 23
 9 24 36 51 56 15
 5 10 27 31 56  8
 3 13 19 27 67 14
14 44 45 47 61 13
 1 11 45 48 49 16
25 28 41 47 62 19
 4  6 16 26 50 18
20 34 40 67 68 15
10 12 20 30 48 22
 6 10 12 16 63  3
26 29 34 47 68 19
 3 12 20 45 64  7
 5  8 19 39 47  2
 7 24 33 34 57  4
 8  9 10 25 42 20
 2 13 18 24 44 18
27 45 52 59 63 25
 6 15 18 24 50 14
20 21 29 47 53  6
20 25 54 55 67  8
12 15 43 50 59 19
 2  4  6 18 36  1
 7 19 45 52 67  4
18 20 54 55 57 20
 3  8 13 21 35 15
 4  5 26 33 62  3
 9 26 57 59 60  9
21 29 41 42 54 17
 3 21 35 44 58 25
16 30 42 46 47 25
 1 27 38 41 46  9
 9 22 45 55 67 25
 7 10 25 36 60 23
 4 11 33 37 51  9
 2 19 44 61 69  3
17 18 45 51 66 13
 9 10 27 42 44 20
 3 34 37 43 48 23
 4  6 33 51 60  2
16 17 28 46 61  7
 6 12 18 40 47 21
 2 18 19 20 38  1
17 19 61 66 68 20
 3 37 42 60 61 12
 6 10 31 35 69  6
 4 14 23 50 59 16
 7  8 14 18 60  7
10 12 25 28 49  3
 1 12 19 35 48 20
24 30 31 32 43 14
14 19 23 47 58 19
11 18 26 40 52 24
18 28 47 59 62 24
 4 26 31 45 50 13
 2  4  8 29 46  9
 1 11 33 40 45 16
16 20 58 61 64 11
 6 24 26 51 65 23
 3  4 12 25 62  2
 4 26 36 54 58  2
39 40 42 55 64 11
11 47 53 58 67 17
 2 13 17 23 53 14
17 21 27 43 67 23
 3 25 38 47 63  6
 2 20 44 58 62  9
 4 13 34 50 53  6
 2 12 38 48 57 24
 2 17 49 50 52  7
 4  6  8 31 56 13
 1  9 18 28 34 18
 4 27 32 55 65 20
20 23 39 54 61  2
16 33 41 47 58 23
 1  3 31 43 45 24
14 21 36 50 63  5
 3 22 59 65 68 10
17 18 22 25 41 20
11 21 59 65 69  6
 5  6 28 56 58 14
17 18 28 30 42  8
10 12 22 24 49  5
 5  6 42 44 45  1
 9 10 12 13 30 25
 3  6 15 36 67 24
17 27 28 55 68 10
14 25 30 48 56  8
 3  4 23 29 37 15
19 22 30 41 42  4
18 45 46 57 64  6
 5 39 40 43 54  4
12 16 21 66 67  2
 6  7 25 41 68  7
10 32 33 41 52  7
 5 15 24 60 63  4
 9 27 29 55 64  3
 6 24 42 50 59 21
 3  8 14 40 44 19
 6 19 29 46 48 13
 7 19 40 45 49 11
 1 14 32 62 69 15
14 19 42 47 65 19
 5 24 39 55 58 26
28 47 49 55 61 10
20 31 34 35 55 12
20 22 23 58 59  6
10 27 29 31 35  9
 5 19 27 58 64 17
 2  4 23 41 49 21
 7 23 42 43 44  6
24 37 46 64 65  7
30 39 44 58 65 26
10 11 42 61 63  6
 2 21 28 32 38  4
19 31 37 47 55  3
10 25 27 61 63 20
 8 45 47 55 69 16
 3  5  8 26 67 18
 5 15 18 36 57  5
16 18 35 38 53 12
 1 17 27 43 69 15
12 22 25 29 35 16
27 33 34 37 54 24
18 24 35 39 54  3
11 13 44 47 60  5
19 21 28 57 63 20
 9 20 43 52 56 22
 1  7 10 11 54  3
24 26 39 44 64 13
23 37 42 54 65  8
 5 11 19 49 64 13
 4 16 26 46 57 15
 3  7 36 57 60 20
 1 44 57 63 67 17
 7 19 47 59 65  2
 3 14 25 32 63  2
 8 12 33 48 69  5
22 23 25 38 47  7
 3  6 24 57 61 19
24 42 46 47 54 19
16 27 30 34 65  3
 8 25 45 52 55 25
26 33 44 48 49  2
 8 59 63 65 67  4
13 15 18 33 51  4
19 22 33 51 68  5
20 22 28 34 47  7
28 42 53 61 65  1
 3 23 28 42 59 25
 2  9 19 38 53 14
17 23 24 35 65  5
 7 10 22 27 33 12
29 30 42 61 63  6
16 18 25 33 68 17
33 36 38 45 63  4
25 26 37 53 57 10
 5 11 17 20 53 26
 2 26 28 53 55 24
13 37 45 56 61  1
 2  8 16 44 62 21
25 42 46 55 68 24
 7 16 33 60 68 21
 2 28 39 60 69 12
 6 26 32 42 46 10
 2 13 34 54 65 18
29 38 43 44 45  6
 9 10 35 36 48  2
 1  2  5  8 14  8
18 28 39 48 67 24
 6 25 40 53 62 19
13 14 22 44 56  7
 4  6 34 42 52 13
10 24 27 57 69 15
 2  5 25 38 53  1
11 36 37 40 63  2
29 39 47 58 66 16
 8 12 43 67 69 19
13 18 42 47 56  7
 8  9 16 53 63  1
19 24 34 38 51  7
 3 18 38 48 51 23
 5  6 52 56 62 13
 4 15 22 62 67 11
 9 18 42 45 48 24
15 20 38 60 67 17
11 33 34 59 61 10
 3  8 25 30 40  5
 4 18 54 58 65 13
 1 11 13 20 32 17
 6 37 47 48 57 22
19 26 38 39 48 19
 6 20 23 54 57  1
 2 44 53 58 60 25
 6  9 41 62 69 20
13 32 34 41 50 13
 5 40 42 57 62  5
10 17 27 37 47  5
 7 15 34 36 39 25
 8 39 40 53 61 21
11 12 24 36 44 20
 4  9 18 29 35 26
 3  4 10 52 55  8
 3  9 11 12 43 10
10 12 47 55 60 14
 5  8 34 47 50  1
12 18 20 33 68 24
21 41 47 59 61 21
11 33 49 58 65  6
17 27 44 47 51 26
 7 27 48 58 64 10
 6 13 37 63 69 21
24 27 35 44 49  4
13 26 29 55 60  2
 7  9 27 48 50  1
 5 17 21 48 63 22
22 23 42 51 58  6
20 28 46 48 67  5
22 36 42 53 68 16
 8 21 47 54 58 26
18 42 56 63 65 21
 7 10 34 39 69  4
 7 21 27 51 54  2
 1  6 29 49 61 19
 3 14 20 46 58 23
 4 36 53 64 65 23
12 18 22 46 62 20
16 31 36 52 63  3
 7 17 19 34 39 10
13 32 39 55 56 17
17 34 35 37 63 11
19 26 36 48 51 25
 7 18 25 43 45  9
 8 27 39 53 69 23
20 23 43 49 55 21
26 36 47 49 53 10
 2 13 41 42 64 23
 8  9 12 48 56  9
24 32 36 40 60  6
 9 17 22 24 63 17
17 32 46 57 63  5
 1  6 21 22 45 24
39 50 52 58 60 13
 5 19 35 50 67 23
 1  7 23 30 40 15
28 39 48 52 58 19
27 44 45 46 58 23
15 19 28 47 52  2
15 41 59 61 69 17
 8 15 29 49 54  2
 6 22 25 52 53 24
29 42 45 48 67 20
 3  8 18 22 61 16
12 17 18 22 35 17
 5 11 19 31 43 25
11 54 57 58 69 20
29 30 47 51 58  3
33 34 55 57 63 24
 3 35 53 56 69 23
 1  4 17 56 61 19
 6 16 20 62 66  4
 4  7 52 54 55  1
29 35 46 47 54 23
41 47 49 54 63 21
14 22 28 41 46  4
11 24 54 60 67  1
14 21 39 41 51 11
18 27 37 45 60 25
 6  7  8 42 47 25
 2 17 18 24 65 21
 2 13 23 28 36 23
 8 10 13 43 49 26
 1 16 27 36 58 20
11 21 22 49 65 17
 7 15 16 17 51  4
 5  6 21 36 59 20
 2 10 11 15 51 14
 3 29 42 49 61 20
35 52 57 58 61  4
 4  6 18 32 44  9
19 35 38 47 68  8
 4 24 37 39 57 17
 8 12 18 20 56 20
25 50 58 66 67 11
 6 20 22 33 48  3
14 25 34 46 55 25
 2 12 31 58 66 19
 8 16 22 25 54  9
40 44 53 60 69 21
 4 10 41 62 69 25
10 12 13 29 31 25
 2 14 25 49 69 15
 1  3 33 34 60  9
12 37 59 60 65 13
 8 17 34 39 46  2
 2 16 17 22 44 26
 9 35 37 43 68  2
 4  8 55 62 63  4
11 28 42 56 69  6
18 21 24 55 56  4
 7 14 19 35 48  7
12 17 45 58 65 22
 5 15 36 37 66  3
 7 42 44 67 69 12
12 26 32 33 35 18
 2 18 32 48 50 18
18 25 38 44 63 26
 7 17 23 54 57 20
 2 32 35 46 58  1
 8 30 41 42 55  4
 7 14 40 50 68  3
16 21 29 34 56  9
31 32 39 49 50 21
10 28 31 59 68  2
21 31 41 50 67  3
 4 17 19 21 25  6
20 24 28 38 53 15
 4 13 42 56 59  9
 2  8 16 17 49 10
25 37 47 48 63  6
17 30 32 35 52 24
11 26 32 39 42 24
21 25 36 55 60  4
17 38 40 64 66  9
 4 24 26 35 59  8
19 37 47 53 63 19
27 28 35 44 54  8
18 44 46 56 65  4
25 33 35 55 67 11
 1  6 16 47 63 19
 5 16 37 52 67 21
 3 22 55 63 64  9
 3 17 59 62 64 15
 2  3  8 22 61 22
 2 12 18 21 34 26
 3 28 50 52 57 15
 9 14 16 46 52 25
15 19 26 58 62 19
 9 32 48 49 64  7
15 39 53 57 58 21
21 29 37 51 64 17
 7 19 35 50 68 25
 6 10 56 60 62 14
 5 14 29 31 68 21
 3 17 18 55 56 12
 2 23 30 53 63 26
 7  9 42 45 46 15
 6 16 28 44 45 15
16 29 53 66 69  3
 1  7 12 31 64 20
 2  9 18 45 68 14
12 33 54 61 64 18
 4 12 60 65 69  7
 6 14 31 39 47 14
15 35 38 43 53 10
 9 19 42 68 69 21
 2  7 13 16 46 24
 7 16 19 45 54 22
 8 17 19 45 62 16
 3 28 44 57 58 16
11 23 38 39 42 22
 4 27 46 53 57 24
14 17 21 39 57 24
12 15 32 37 68 22
10 18 32 55 62 11
 4 20 24 36 60 23
20 21 33 35 48  5
24 25 45 49 59 24
 4  6 27 38 52  9
15 29 40 53 59 14
 4 13 27 48 61 14
 5 10 21 30 33 22
 3 10 30 46 52 23
 3 13 15 20 61 26
 4 11 28 36 65 24
19 41 43 53 66  2
25 30 31 37 39 11
 1  6 32 38 69 26
 4 15 22 49 61  2
 8 18 29 66 67 15
 1  9 36 41 65  3
 8 16 21 49 59  3
 2 34 39 51 52 24
27 28 33 43 68 24
 6 12 26 53 63 12
11 26 33 34 37 16
 4  7 17 42 49  8
19 23 33 47 58 15
 9 19 36 41 67 19
 8 18 24 34 66 26
17 33 38 39 53 16
 6 20 29 64 67 22
18 42 47 48 53 11
 6 43 47 55 64 26
 1  6 14 16 34 11
10 19 43 61 62 18
 6 13 15 40 52  3
 8 17 54 58 67 13
16 24 30 48 54 12
33 40 50 65 68 10
30 41 48 64 69  8
 6 25 32 34 60 26
16 32 38 52 64  3
 2 35 45 46 65 16
25 28 29 47 64 10
31 32 41 43 50 25
15 21 40 41 64 24
 7 35 53 59 63  9
 3  7 27 29 57 25
12 15 36 49 51 10
12 29 67 68 69  9
10 33 34 63 67  2
 1  3  9 13 20 12
 2 28 36 42 60  8
 8 13 24 37 50 10
15 19 22 23 60 19
 6 40 47 48 63 11
32 35 42 62 68  2
 9 37 50 52 66 19
18 41 48 54 63 24
28 50 51 58 63 18
 2  4 14 29 62  7
 7 12 51 54 64  9
16 21 42 47 49 10
14 35 39 45 55 26
 8 10 29 56 66  2
17 28 38 46 51 24
 2 23 25 38 52 18
 5 11 15 50 68  2
12 21 34 37 44  7
 9 25 49 53 62  3
33 51 55 59 67  9
24 25 42 55 59  6
27 30 33 54 62 25
12 20 42 49 56 21
31 43 61 62 66  5
21 23 24 32 67 12
 2  6  9 30 50  1
 5 26 36 58 67 16
 3 12 52 60 66 14
 9 23 48 58 64  9
 3  6  9 10 51 21
 7 25 36 64 65  6
 2 27 35 37 61  7
 8 15 39 48 68 13
 1 17 22 30 31 20
 1  6 10 19 21  6
 6 16 24 36 52 17
14 26 28 35 52 25
 2  7 13 28 53  2
25 34 42 57 63  1
 1  7 37 59 65 25
38 40 59 61 65 13
 7 10 19 32 45 19
 1 29 51 56 59 25
 2  7 57 62 67 26
10 27 40 51 64 15
11 14 39 42 63 20
13 21 25 35 68 22
 6 18 43 59 66  3
24 32 53 61 67  8
25 26 30 45 66  1
11 22 59 63 69  2
29 34 46 63 67  9
12 19 29 44 54  8
 9 15 16 26 30 21
29 40 47 55 61  1
10 13 33 34 39 22
 4  9 11 30 34  3
23 39 42 58 59 10
 9 15 18 44 58 24
30 34 47 50 53 25
10 18 43 67 69 18
15 16 43 53 54 22
45 53 56 65 68 25
 2 44 51 57 58  6
14 33 51 60 64  7
 4 23 45 53 57 22
 3 34 37 38 44 22
 8 23 46 49 55  3
 6  9 30 63 66 12
 8 21 61 62 69  7
 4  7 12 22 25 24
21 27 42 47 53  2
30 49 50 61 64 12
12 43 45 49 53 19
 5 24 40 62 65 16
 7 22 39 60 64  7
 3 16 18 67 69 20
 3 14 20 48 69  9
 1 16 24 56 69  4
22 47 55 56 59 14
18 19 62 66 68  2
33 35 39 40 51 12
 1 19 25 28 63 12
 2 10 12 55 63  4
20 22 23 45 63  4
 5 22 41 54 62 19
 2 11 12 26 57  5
 1 38 39 45 48  6
 3 28 31 51 66  8
 2 43 50 61 66  7
 1  5 14 30 45 14
11 27 40 47 59  9
 6  9 37 60 68 25
 6 36 50 58 63 16
 4 16 41 63 64 10
 1 15 22 58 61 24
 4  9 14 24 26 23
24 30 39 42 56 17
13 16 32 56 69 20
 7 23 35 53 57  1
 5 13 31 42 64  9
 9 34 51 60 63  1
38 41 47 55 62 13
26 27 35 50 66 10
 1 10 16 25 26 16
11 12 16 53 60 21
 2  6 24 50 60  2
18 49 52 58 67 11
22 26 57 59 65 11
12 14 23 40 54 21
 2 17 57 58 63  8
 5  9 10 27 67  2
18 27 56 58 62 13
16 23 32 43 61 23
 3  9 14 17 20 26
19 35 45 62 66 10
35 47 54 56 64  5
22 24 38 54 61 13
 7 19 20 22 34 19
 2  5 23 45 69 22
10 11 53 55 56  3
 6 36 46 59 65  6
12 34 35 36 53 13
 1 36 41 58 63 19
 9 42 47 48 60 13
 5 53 57 65 69 15
24 34 45 47 54  1
 3  8 34 43 50  2
19 29 58 64 67 14
23 28 41 51 69  1
13 20 24 46 51 23
15 24 34 38 68 20
 9 16 26 41 66 20
14 33 39 41 59 21
 6  8 57 59 66 20
13 32 45 57 69 10
 1 12 35 38 49 19
35 46 49 54 69  6
12 35 44 46 51 10
 1  4 22 54 56  8
 3 11 31 52 58 14
 3 10 11 14 62 10
30 31 44 45 48 14
 4 11 45 57 62  4
35 48 60 61 64 19
 1 22 38 58 64 17
 4 11 24 49 60 24
12 26 35 36 55  7
 6  9 15 27 51 21
 4  9 41 44 59 13
10 27 56 59 67 24
15 26 27 50 64 19
 8 23 24 42 62 24
 2 15 30 48 67 12
 7 14 34 44 64 14
24 27 29 31 55  7
 1  5 16 38 55  6
 4 13 26 29 58 18
12 24 26 36 37 11
 7 12 55 59 63 23
 6 13 14 40 51 26
 3 34 47 62 67  8
33 45 47 57 58 26
26 48 52 59 60  3
 4 13 37 41 63  8
 3  9 12 41 44 22
 9 13 45 52 60 22
17 23 30 44 62 21
 5  9 15 42 64  6
24 30 41 45 64  1
 7 16 61 65 67 24
 1  9 22 47 69  5
 7 15 22 32 34  8
34 36 40 54 59 23
 6 20 25 42 51  3
 2 15 31 42 58 23
27 43 48 55 59 20
12 15 19 35 44 10
18 25 29 31 60  6
13 26 42 45 49 16
 2 10 30 33 54 21
16 25 31 40 54 26
31 39 40 60 63  5
31 35 42 50 62  8
 4 16 49 56 66  2
13 14 48 61 69  4
10 18 29 45 56 20
 5 40 41 46 48 15
24 46 57 61 62 19
17 22 25 31 42 18
14 31 32 36 69 21
 1  6 16 45 47 16
 7  9 11 16 61  8
27 37 47 59 66 14
16 38 43 57 65 22
 9 18 23 42 67  6
12 14 47 52 67 18
20 27 34 43 65 20
 4 32 34 47 55 26
16 23 28 55 68 23
14 19 47 53 56 26
17 38 46 50 56 12
 3 16 31 60 66 19
13 31 34 59 68 26
 2 10 30 33 69 11
19 21 33 37 40 15
 2 29 42 63 65  9
13 32 35 55 56 12
11 12 33 62 63 13
 6 14 15 52 60 11
 5 17 20 24 67 18
20 37 47 53 68 10
13 46 53 65 69 21
 1  7 22 35 44  4
 9 20 28 31 60 15
14 26 36 52 61 10
 8 16 20 54 62 23
 8 16 39 57 63 20
 6 18 32 38 65  3
 2 31 41 57 59 24
26 32 39 50 58 18
 3  6 20 21 67  2
23 26 51 55 62  5
 2  9 19 39 62  3
 3 11 15 16 20 16
 8  9 11 15 59  3
13 39 41 56 57 12
18 25 61 62 69 22
 6 26 35 42 49  9
 7 20 24 52 54 26
25 32 43 61 69 11
24 34 41 65 68 21
20 47 55 56 63 18
12 15 44 45 53  3
47 53 58 60 65  6
 1  6 21 28 41 16
28 29 46 53 63 21
10 13 32 47 54 11
 7 16 18 51 58 17
19 37 41 55 60 15
 5 17 28 40 41 10
 1  2 35 50 62 18
15 18 22 42 64 17
 1 33 35 48 58  1
 2 10 22 46 64 25
 2 14 16 41 68  7
16 22 38 43 69 20
 2 17 31 42 63 23
 7 15 16 40 60 12
32 35 41 42 62 20
32 45 53 58 67  2
 1  8 19 20 28 17
 9 17 36 48 66  9
11 24 28 39 66 26
17 27 29 36 37 18
25 30 46 51 69  5
13 34 40 62 69  1
13 40 41 58 59 18
24 29 39 47 49 17
17 39 48 49 61 11
23 36 46 52 68 20
 9 23 31 36 68  4
 8 17 35 39 62  1
24 51 56 59 62 23
21 23 25 39 49 18
 3 11 20 32 40  3
 8 16 61 66 68 12
14 28 40 42 67 14
10 38 53 63 64  3
12 26 35 41 59  3
 3 34 35 45 62 22
 9 39 46 65 67 17
 2  6 19 27 29 10
 6 15 20 29 46 20
14 32 54 61 65 17
16 33 45 61 65 24
15 27 37 61 64  7
 9 20 43 46 64 21
 1 32 34 53 68 13
15 22 36 58 69 11
 5 19 23 28 48 25
24 32 51 54 57 19
 7 12 22 34 39  1
 6 28 58 60 69 22
 8 46 51 56 67 22
21 29 38 57 66 18
20 46 48 61 67 24
18 27 37 46 58 23
 3 21 31 44 64 12
21 22 23 27 63 10
13 41 43 49 57  1
22 37 51 58 66 26
10 21 27 37 50 21
 5 46 47 49 68 16
 4  9 10 12 19  8
 2 10 30 46 63 17
30 31 45 53 60 11
 1 16 20 31 52 14
 3 13 15 50 67 21
11 56 57 62 63 13
14 19 25 31 34 10
 2  6 11 21 66  8
29 45 53 61 64 23
11 22 41 48 58 16
14 19 25 39 68 26
12 17 47 50 57 11
 6 15 48 55 56  4
 7 10 12 33 43 23
 3  7 25 40 48 10
 6 15 18 52 63  3
 1 24 53 55 61  7
 2  9 10 22 65 14
11 14 32 34 48  9
10 12 30 43 63 19
 7 47 49 56 69 14
 8 17 43 48 68 16
 2  4 34 45 56 10
 1  6 33 38 68 13
19 29 40 51 65 16
 6  9 33 35 55 24
 1  5 22 27 51  4
10 31 32 34 43 26
10 32 41 43 46  9
17 20 32 43 56  6
 6 10 24 45 62 10
 9 24 42 45 56 21
 7 11 17 35 43 23
 9 13 16 21 64 19
 4 14 22 53 64  2
 9 10 22 42 68  1
 1 11 12 32 61 15
12 34 40 43 69 15
 6 14 23 45 59 12
 2  8 15 47 69 26
 7 19 20 36 39  2
 1 51 54 55 58 13
26 46 54 60 69 16
 5 30 41 53 69 22
 5  9 10 11 14  9
 8 10 14 49 66  6
14 35 43 52 56  4
23 34 40 52 56  6
27 44 45 54 63 10
 3 23 37 49 55 25
 6 13 20 28 30 24
 5 10 16 29 50  4
 7  9 17 22 57  4
 6 15 36 45 48 23
11 27 40 57 65 25
 3  4 54 61 69  8
 2 33 42 53 62 15
24 28 34 50 51 21
31 38 51 58 61  5
17 24 56 57 68 25
42 46 62 66 67 15
 6 16 27 40 45  8
 2 21 32 42 65 11
13 14 31 42 51  7
12 14 22 35 67  1
10 12 15 17 26 18
16 18 45 62 63  5
14 17 36 50 56 18
 9 15 41 45 50 22
 6 15 45 49 56  9
 1 13 35 43 54 15
 7 13 22 24 68 13
 4 14 22 52 56 24
16 25 33 43 51 14
15 23 28 34 35  2
 3 18 24 35 41  4
18 20 31 44 55 19
16 17 19 49 61  3
14 16 28 45 68 17
 9 37 44 49 55 19
37 46 49 51 53 16
20 21 34 51 54  5
 7 18 63 64 69  8
27 30 33 39 69 26
 5 14 15 67 69  4
12 16 37 48 50  4
19 59 60 64 65 19
 1 12 25 52 68  9
 6 23 26 35 59 17
14 19 21 36 46 20
 1 19 27 32 43 19
10 11 17 45 46  8
33 42 49 51 56 24
 7 29 35 39 53  2
 5 19 22 43 57 20
34 38 52 59 61  4
 1  5 29 38 41 18
 6  8 15 21 67 26
 2 32 44 51 68 26
14 20 23 32 62 24
12 16 22 53 59  7
15 33 42 43 45  3
20 37 50 62 66 10
 2 18 35 52 64 16
 7 33 43 47 66 25
 4 12 18 35 51 18
14 37 40 44 53  6
 1 19 26 42 59 25
10 36 48 53 61  1
 2  8 10 24 33 21
 3 23 39 57 64  3
 6  8 12 24 33  3
 4 36 41 44 57  7
10 15 19 21 65 17
19 24 54 57 67 12
 1  5 12 19 23 14
15 31 41 50 52 25
 9 12 18 46 68  7
 6 11 16 34 56 16
16 43 50 54 68 22
28 30 44 48 57  1
 5 15 17 44 48 10
 7 11 22 29 43 25
10 13 36 54 64 12
 1  4 14 32 69  4
 5 27 28 55 69 20
 1 20 43 46 53  3
 5 37 39 58 63  2
13 24 35 64 65  1
24 37 51 60 67  2
 5  8 22 30 31 16
 1 25 45 49 67 14
 4 36 41 49 66  9
17 23 34 38 39 21
11 27 51 66 69 11
30 35 50 53 64 14
 6 31 36 41 49  6
 3 46 50 53 54 18
 9 26 38 45 69 26
15 54 55 59 65 11
 5 14 15 63 67 14
 7  8 35 60 65 11
11 23 25 41 45 15
24 31 50 53 58 25
12 24 35 37 52  2
 6 23 25 41 60 13
 4  5 13 33 62 12
 4  6 31 32 44  9
 9 25 29 31 52  8
 6  9 21 51 68  6
 3 17 19 42 64 21
29 48 49 60 62  8
15 19 39 47 56 16
 5 50 53 56 66 25
22 34 45 51 59 13
23 27 28 30 58 11
25 49 52 56 61 21
 4 19 47 49 65  4
 8 19 30 58 67  8
 4 31 34 39 59 24
 9 24 31 46 56  2
20 25 26 35 57  6
13 17 36 52 62 14
17 28 32 57 58 14
48 51 58 68 69 14
22 27 34 49 69 12
 2  8  9 17 62 10
12 15 34 35 59  4
 6  8 23 26 56  2
14 22 31 43 65  4
 5 13 31 34 39 23
 3 11 43 53 66 16
26 43 47 48 50 20
 7 11 16 17 39  4
 9 30 47 56 58  1
 1 17 29 35 65  7
 1 20 23 36 44 14
30 34 36 43 50 25
15 17 59 60 65 11
16 40 43 49 53 15
 8 15 24 25 30  8
 6 20 50 55 63  5
 8 27 34 50 64  7
 7 24 39 52 56  7
12 24 30 43 52  5
 4 19 44 50 67 17
 2 44 60 62 64  6
21 24 29 43 45 15
 1 10 15 19 32  5
12 34 44 61 63 17
 3 14 31 32 39 10
16 41 55 60 69  7
23 25 26 45 61 14
 1  4 13 20 46 14
14 26 48 53 65 20
16 21 26 53 68  9
25 33 47 56 57 11
 9 12 23 37 62 24
10 13 14 62 63  5
 1 21 34 39 51  2
 2  3 34 49 59 26
22 33 45 52 62 25
10 20 34 42 51  9
 3  7 15 19 59  2
24 42 55 63 65  9
15 24 40 44 48 24
14 20 28 46 65  6
 4 29 42 44 67 16
12 33 44 63 69 23
 6 22 56 61 64 16
 7 14 18 29 58  2
 1 21 25 48 58  8
 6 16 20 32 47 13
22 39 43 45 49  2
 3 14 23 25 41 10
 3  7 24 38 40 23
 9 13 28 64 66 23
 4 27 41 49 64 12
 8 21 34 35 59 26
12 28 33 34 65 14
 7 18 35 38 45 21
 3 22 49 55 67 16
 5 39 45 58 68  7
19 29 55 60 63 18
10 14 30 49 61  5
 6 38 50 57 60  9
17 42 51 53 64 25
 7 11 19 43 60  3
 1  5  6 15 69  9
18 24 48 50 57 24
 1 24 30 57 67  7
 6 35 66 68 69  5
 9 20 38 53 58 13
30 35 40 48 60 19
11 12 32 42 57 17
20 44 52 55 64 10
 3  8 14 39 64 17
23 26 60 61 68 13
 1 23 38 47 57 18
 6 16 27 29 64 26
 7 19 27 32 48 11
20 21 27 28 35  3
 6 19 21 38 50  9
 1  9 10 35 41 21
 1  9 29 47 48 17
 4  5 30 40 48  2
21 29 31 59 65  3
 6  9 33 49 63 15
 2 13 23 33 52 26
11 21 25 58 63 19
22 27 28 32 68 21
 9 20 39 46 51  2
 6  8 30 44 49  6
33 34 50 60 65 20
18 19 26 35 39 26
 4 25 40 45 57  2
24 40 43 50 62 26
31 40 51 67 69 11
 6 11 40 59 62  4
13 22 42 46 59  4
30 34 41 47 63  4
 7 17 21 35 44  7
 5 11 41 48 54  8
 6 17 35 53 64 15
17 24 30 49 54 26
 7 21 26 61 63 26
20 56 57 61 67 14
 7 21 33 45 66 18
17 23 25 30 36  7
10 15 19 39 41 12
 3 15 24 48 56 23
19 28 30 37 65 12
13 15 56 61 65  4
 4 43 55 63 64 12
 2  6 30 41 57 12
17 18 35 59 69 18
 4 12 13 52 57  6
 3  5 11 19 63 17
19 23 31 39 62 19
18 22 28 47 48 16
13 40 45 51 64 13
18 22 28 50 64 23
13 27 46 49 60 22
17 18 19 47 50 15
11 29 52 58 69 19
 2  3  6 12 45 23
 7 11 12 28 36  5
19 29 31 51 62  7
35 36 38 58 69 23
18 27 37 46 48 14
 5  6 49 54 63 14
 4  8 27 51 67 24
 5 16 23 29 68 22
19 30 46 57 59 14
 1  3 32 33 38 15
 5 18 30 31 66 17
14 31 58 61 62 26
 2 34 51 65 68 11
12 26 29 33 41  6
 8 21 49 54 68 26
13 40 49 57 58 23
 4 28 29 35 51 20
 6 11 14 40 49  4
 8 15 22 30 65 25
21 29 35 38 41 15
20 22 28 29 44  7
28 35 42 55 60 20
16 23 56 65 67  3
10 15 29 52 56 15
 1  3 10 13 60 10
 2  7 15 31 67 16
 8 23 44 47 52 11
16 27 39 61 63  3
30 32 37 49 54 23
13 36 40 52 61  3
12 31 57 62 69 20
 1 11 28 36 61 14
39 49 53 59 60 18
 5 25 30 54 55  8
 3  9 26 33 44 25
10 12 25 45 68  2
 4 11 34 41 54 17
31 37 45 57 66  7
 1 16 30 55 64 23
 3 11 36 49 61 19
 6  9 22 30 47 19
 8  9 22 53 66 18
 4 28 55 59 66 24
 5  9 47 66 69 24
 6 25 33 47 55  9
30 47 52 61 67 19
11 20 30 31 64 21
 6 22 27 38 51 24
 2  7 45 48 61 25
 4 36 43 58 67  5
 3 17 38 52 59 24
 9 12 14 25 55  9
 6 18 30 47 63  8
12 17 18 53 67 26
19 24 37 47 58 18
 4 10 22 39 68 11
 3 18 20 51 67  7
 5 18 23 28 62 17
28 29 32 38 47 19
 8  9 26 44 58  8
10 19 39 51 63 17
37 46 54 67 69  8
10 13 24 53 66 11
 1 21 28 38 50  6
 4 15 16 53 62 16
10 18 38 49 59 14
39 42 53 60 62  8
21 48 63 65 66 17
 4 11 25 40 43 21
26 36 45 57 66 12
14 42 59 63 68 21
40 41 46 55 60  3
 7 16 42 46 61 20
42 44 52 53 67 24
12 23 25 67 69 18
13 17 35 38 67  2
11 44 46 51 58 16
20 33 35 39 47 19
13 15 24 42 63 10
13 18 25 29 49  4
 9 15 20 44 59  1
12 29 37 55 69  5
 8 13 29 52 63  3
 6 12 17 29 68  5
 1  7 45 47 68 22
 7 26 35 36 67 21
 2 12 13 64 69  2
20 28 37 47 67  1
19 33 45 47 67 11
 5 27 32 66 69  6
10 44 45 50 67 16
 5 33 41 59 66  3
12 16 25 32 50 21
25 38 39 63 68 11
 5 30 37 55 65 26
22 32 46 47 48 11
 9 14 29 30 40 17
 5  9 25 56 64 20
13 21 25 33 50 25
33 44 52 56 67 21
18 32 47 56 66  3
 5 13 23 41 66  7
16 42 46 47 50 13
30 33 53 56 61 25
11 24 32 46 49 16
 8 11 33 41 45 10
11 18 32 51 55 21
 2 29 33 48 69  4
 2  3 17 57 63 24
 9 10 13 24 54 26
 3 27 30 34 56 24
12 30 51 54 65 16
27 43 44 52 69  8
 2  3 19 60 61 17
21 38 51 53 56  2
 3 30 32 54 68  7
13 20 28 42 67 17
13 18 30 38 41 13
 8  9 11 33 46 15
 4 17 29 50 56  9
21 22 29 40 60  5
11 12 20 29 46 10
 7 19 41 46 60 17
 6 16 30 32 52 14
13 25 35 36 63  7
11 18 20 27 29 23
11 12 22 46 55 24
 2 14 15 45 52  7
 8 34 41 67 68 20
 4 12 22 25 64 18
10 54 57 63 64  1
15 50 57 64 65  1
16 20 25 34 68 16
 5  8 16 18 32 18
29 35 38 39 49 11
23 26 27 37 47  9
22 33 55 59 69 12
21 35 38 40 45 22
 4  9 47 65 66  6
26 33 39 48 51 11
 5 13 15 22 48  8
 1  4 11 43 56 22
 7 21 32 47 55 21
 3 22 33 42 52 13
 3 34 42 51 55 17
 5 33 38 44 66  5
35 45 58 59 68 19
 1 29 42 44 49 14
18 24 40 50 66  1
 9 17 61 66 69 20
37 39 43 54 68 13
 9 25 49 50 63  2
 5  7 39 44 46  5
36 46 48 65 67  6
26 27 42 47 68 15
 7 26 30 40 61 14
24 46 47 64 68 20
11 20 25 35 68 15
 4 18 41 44 56 16
 3 35 43 44 58 12
12 29 30 38 44 26
 4 20 27 48 54  9
 4 28 38 44 65 11
 8 16 20 29 42 25
 1  4 12 13 69 24
 5 14 32 34 37  3
15 17 25 37 54 20
 5 30 46 58 60  9
20 25 52 54 55 11
 5 13 44 58 65 18
16 38 40 43 66  1
20 40 53 59 62 15
34 51 58 59 68 18
20 33 43 60 64  7
 5 19 20 26 61 18
 9 24 25 63 68 22
 1  4 30 34 58  5
 7 37 47 48 66 13
32 47 55 66 69 16
 9 15 56 59 62  2
18 36 41 55 69 11
16 44 47 61 69 20
 1 19 32 43 64  3
 1 15 21 26 53  6
 1 26 43 58 66  1
 2  6 14 45 48  4
10 20 21 26 34 24
 3  4  9 19 59 11
10 25 35 46 52 25
35 44 50 54 68  3
16 33 47 50 52 25
 9 12 44 50 61 20
 5  9 14 21 68 16
 5  6 11 65 67 18
18 38 54 62 67  1
32 36 51 56 62 21
 3  9 23 27 43  9
30 35 39 42 46 12
15 44 46 53 55  7
 7 22 31 59 67  8
19 38 40 44 62  3
26 36 52 55 59  6
25 29 44 45 67 15
11 33 50 55 67  7
16 29 35 47 68 16
 5 11 23 30 32 17
 1 38 52 55 64 24
20 34 45 47 59 26
 1  7 21 66 69 24
 7 13 39 46 66  7
20 21 26 41 58  9
 2  4  5  8 48  7
 9 20 38 54 64  8
 1  7 19 31 37  9
39 56 58 63 68 18
 7 21 31 37 69  9
 8 17 37 49 51 17
 6 16 39 42 64 14
 5 37 39 48 55 11
 5  6 42 51 60  1
24 32 47 55 63  3
38 46 47 49 63  8
 5 28 41 59 66 10
28 30 40 58 59  6
20 25 34 40 47 26
29 31 41 57 65 23
 3 27 60 64 68  8
22 27 31 46 53 13
 1 20 30 31 63 11
 9 11 25 63 64  8
 7 12 13 43 48 11
 2  3 22 37 69  6
20 29 42 48 66 15
13 15 34 40 56  7
11 25 37 50 65 20
11 21 48 65 68 10
25 31 44 46 62 24
22 53 58 60 65 22
11 12 40 47 51 21
10 33 41 49 50  2
 6  9 35 45 57 11
15 22 23 62 65  5
16 31 34 53 60  2
 7 21 27 31 45 26
 3 33 35 38 46 13
 4  9 23 26 32 16
 7 23 39 45 54  4
27 33 35 52 67  4
13 18 19 48 51 24
11 20 39 44 57  7
 1  6 28 39 49 10
 1 21 22 28 29  9
41 44 47 51 53  7
11 17 24 34 51  1
32 40 42 44 63  4
 2  9 48 53 57 13
14 28 48 50 65 21
 4 12 15 34 48 23
 8 10 11 39 61 17
22 27 41 61 68 18
 2 10 18 30 47 26
12 44 45 50 67  5
14 28 34 62 63 12
 5 21 25 32 62 21
 3 45 46 64 69 14
13 22 41 60 69  6
16 30 36 42 67 10
12 20 27 33 47 19
 4 48 51 59 65 26
15 25 26 41 47  2
21 34 58 60 63 14
 5  8 28 30 68  7
11 12 51 63 67  8
 3 33 34 43 60  4
 1 37 39 42 60 15
 1 18 29 50 64 21
20 31 36 46 64 11
12 19 28 52 56 14
 1 33 45 49 64 11
19 23 34 61 64  7
12 19 24 39 59 20
 3 12 27 32 34 15
17 27 43 45 60 21
44 46 48 51 61 20
11 32 42 60 69 16
22 32 55 57 62  5
 5 13 36 55 61 18
 7 14 31 44 47 12
 1 20 36 40 52 13
21 35 57 59 68  7
24 26 32 45 54 21
 3  5 16 22 57 18
10 17 24 28 62 26
 3  9 19 45 67  3
 6 43 60 64 67 14
12 17 55 60 64  7
52 54 57 59 65 24
29 52 55 59 62 23
13 21 25 42 44 26
 3 19 33 41 51 15
25 55 58 63 69 23
14 21 31 44 68  6
21 28 50 51 66 23
 1 35 66 67 68 19
46 51 59 60 64 23
25 43 44 56 61  7
 1 19 34 46 48  1
 7 27 51 65 69 16
 1 29 61 64 65 24
 7 24 45 57 68  1
 3 15 22 24 44 25
16 17 18 21 58  3
 8 16 38 53 66  1
17 20 24 30 53 12
 3 27 30 32 66  4
19 40 57 62 68 21
11 29 50 52 61  9
 5  6 14 24 69 11
 6 16 41 48 58  7
21 38 42 47 49  4
 4  7 12 43 55  1
12 24 33 49 66  4
19 26 28 47 68 18
 5 34 37 49 52 25
33 52 54 67 69  2
 9 14 26 30 48 10
 6 34 48 55 58  7
19 20 22 45 69  4
 3 14 34 36 54  2
20 22 53 55 60  3
 4  7 19 22 36 25
19 21 35 67 69 26
15 29 51 54 59  2
31 34 36 54 68 10
15 46 50 53 67 12
15 16 17 26 63  8
26 37 44 63 65 19
23 32 39 44 57 16
11 17 32 33 59 26
31 36 43 54 64 11
23 43 49 52 67 20
13 14 17 32 60 18
15 23 35 37 38 22
 2 18 32 40 57  9
10 27 50 51 54 20
 4  8 18 24 51 21
 3  6 29 30 68 25
31 44 50 54 68 17
10 14 21 31 62  4
 3 32 35 41 49 24
 8 16 25 40 41 21
16 31 45 48 64  1
 2 12 26 51 67  7
 5  6 44 49 54  4
34 41 49 53 56  7
19 29 37 41 45 16
17 29 45 62 65 23
 4 20 25 63 69  1
 7 27 38 51 64  5
 9 23 41 46 56  6
 2 18 26 31 55  9
 6 11 15 52 69 24
 2  3 23 59 62 26
12 23 31 35 59 10
21 46 50 67 68 21
 7 38 40 49 56 23
11 20 49 61 67 21
 1 11 31 42 65  4
 2  6 28 67 68 18
 7 12 16 28 59 13
 4 24 35 58 67 16
15 20 27 56 58 15
 1  7 21 24 69  9
 1  6 12 37 66 20
 8 11 32 37 46 25
 8 37 38 39 42 26
36 38 42 44 54 13
 4  6 17 32 44 11
 2  4 37 48 63 20
 9 16 20 47 61 17
10 21 22 23 41 20
21 25 54 56 67 18
 2 11 41 42 62 17
18 22 38 59 68 15
27 34 40 61 65 21
 1 20 24 40 42 19
 7 20 22 36 68 17
23 30 36 44 58 13
 2 49 52 59 60 21
16 17 36 44 48  3
24 28 37 52 69  5
11 12 28 56 65  3
 6 46 48 64 66 11
18 22 23 31 45 10
 8 24 39 46 60  6
 9 51 57 61 69 25
17 18 20 46 57 26
12 13 35 41 65  7
 3 12 20 64 65  4
18 34 52 62 66  1
 5 14 42 47 68  2
 3 20 28 63 68  6
 2 39 49 57 58  6
 2 28 36 47 64 12
 9 15 19 27 65 10
 2 30 36 38 65  6
 3 15 21 34 62 20
 2 17 62 63 69 17
37 38 41 50 59 19
23 33 43 50 54  2
 6  9 15 49 61 25
11 15 38 41 52 23
 5 42 44 49 65 21
 7 33 36 43 44 18
 6 17 39 56 57 14
11 34 41 50 58 22
 2  6 20 42 52 10
 5  7 33 39 58 12
 1  7 18 26 64  6
10 17 30 64 69 13
 8 15 23 29 61 25
 6  7 25 50 67  5
 1  3 22 59 61  3
14 23 31 41 47 21
 2 10 34 38 52 18
10 18 38 39 50 25
29 33 42 49 59 24
 1 16 24 53 67 26
 3  9 11 44 47 26
17 32 35 43 63 16
 5 28 32 53 64 14
 4 21 40 53 68 12
12 31 33 41 67 17
 4 35 44 52 54  4
 2 15 20 28 50 22
 8 30 45 49 53  8
 7 11 21 57 61 25
21 31 57 63 64 21
 6 27 35 39 58 19
22 45 58 66 67 22
20 31 56 59 61 15
32 49 50 52 59  9
23 30 31 51 60 16
33 41 44 50 63 12
 9 23 40 43 53 22
 1  9 22 33 42 17
 3 27 28 33 54 15
24 25 46 52 68 16
 9 16 18 30 31 14
 9 33 36 59 62  5
17 23 34 45 66 23
13 37 56 59 67 21
 1 21 52 59 63  7
15 33 40 44 46 11
15 38 44 58 63  7
 6 17 20 34 63 17
 2 25 38 53 69 16
20 29 42 45 48 25
16 33 36 53 60  1
10 20 27 40 63 15
20 21 31 67 69 11
27 39 43 59 67  3
27 39 46 56 59  1
19 30 33 41 44  8
11 40 49 64 67  5
 2 26 34 55 64  6
14 19 42 50 69 15
17 21 42 46 50 12
16 19 32 48 57 16
 3 26 27 53 68 14
 6 31 50 57 66  9
12 34 42 60 66 24
 2 34 47 56 67  4
 6 18 21 22 58  9
26 32 58 67 69  2
 9 21 33 37 45  2
 1  3 19 44 63 24
34 52 56 59 68 23
 6 15 23 33 51 10
 8 37 51 54 63  6
14 35 50 59 63  6
15 22 37 46 69  8
 1 13 15 60 68 24
 4  7 14 16 52  7
 3 31 36 43 63 22
16 23 34 46 68 20
 6 25 29 47 50 16
 4 11 17 32 36 13
13 18 30 31 36 26
13 25 32 44 59 10
12 18 43 47 51 26
 1  6 18 24 51 24
 5 12 23 54 59 16
38 46 59 63 64 19
24 27 35 45 56 25
15 19 25 29 55  4
 7 13 24 30 62 15
21 22 53 55 59 23
 4 59 62 68 69 21
 4 41 47 59 68 25
21 52 57 65 67 21
 1 28 39 41 65 18
 3 21 26 46 62 15
 6 13 21 36 38 13
 7 29 52 54 68 10
 9 24 31 47 60 25
18 19 28 40 69 26
 3  4 49 57 68 16
 4 22 28 32 45  7
 1 34 42 52 63 16
34 40 41 63 68 15
 3 17 22 49 59 20
11 12 53 60 63 17
 7 10 36 55 56 22
 2  9 38 43 48 20
15 22 31 39 66 20
 4  9 20 48 57 17
 1  2 25 55 67  3
 6 16 17 50 55 19
 1  4 17 50 55 23
10 31 34 65 66 19
 3 17 30 47 56 13
 2 39 51 52 53 24
 6  7 11 14 53  1
 9 12 18 42 64 21
34 37 43 50 64 26
26 31 56 59 62 17
10 17 39 44 65 16
12 30 35 41 58 17
 3  4 12 26 47 14
12 14 44 49 57 20
16 20 30 34 47  2
 1  8 17 23 29 21
 4 12 20 58 69  2
11 34 42 45 66 18
 6 29 30 41 48 24
 3 10 34 36 42 23
 3 28 55 57 59 13
11 22 28 36 48 21
 8 12 49 56 64 25
18 32 47 52 60 10
11 32 41 51 54 13
15 25 41 43 66 14
 2 11 19 42 55  6
22 57 59 65 68  3
 2 17 24 41 59 25
10 13 14 16 39 17
 4 21 25 27 31 13
 5 12 37 61 68 20
13 45 52 60 66 12
36 43 47 49 54 13
16 23 32 42 59 18
 4  7 21 54 60 12
18 23 44 51 65 17
 5  6 13 16 39 22
21 24 28 31 40 10
26 45 47 56 65  5
 6 24 37 54 69  2
 4  5 20 26 37 15
 8 37 46 60 68  6
 7 14 35 49 62  8
35 42 46 61 65 26
 6 39 41 62 69  6
 7 11 30 42 44  3
18 34 35 66 69  5
23 36 38 41 66  1
 6 19 29 50 51 21
 3 11 20 43 65 20
 4 11 26 65 68 24
12 13 19 45 50  7
 3  8 15 47 51 21
 3 12 42 52 66 21
 1  5 24 29 64 26
 3 21 24 25 31 17
20 21 31 50 55  2
17 18 27 59 62 12
19 34 35 41 51  2
 3  6  8 34 65  7
20 23 46 62 68 12
 9 33 57 68 69  4
 8 16 22 53 67 23
 5  7 22 26 37 16
 7 32 33 50 63 16
 9 42 43 45 58 18
 6 11 25 30 36 18
34 42 43 59 66 16
 6 20 38 54 68  9
21 38 41 47 68 14
 4 24 26 45 54 13
 2 33 47 63 67 17
19 22 29 33 60 25
28 32 33 43 44 15
 2 37 39 43 53 16
13 22 31 47 49 16
 6 17 48 50 69 26
11 28 41 50 68 11
 7 19 21 25 28  3
 8 18 24 56 65  9
 7 10 18 56 65 14
13 19 27 44 57 19
14 20 31 34 42 20
22 41 47 64 65 21
 2 27 32 34 38  6
 3 19 36 39 52 13
37 39 40 44 67 26
19 21 37 38 55  1
15 25 46 61 63  5
 3 20 31 37 39  5
15 39 43 50 55 10
31 37 46 62 63 13
 6 24 28 31 39 11
 9 23 30 36 67  7
 3 14 25 43 69  8
11 32 40 42 69  9
12 39 56 67 69 12
 7 18 29 34 64  4
 1 21 22 43 68  9
 2 17 30 49 64  1
 2 15 22 50 64 15
 4  9 14 33 64 15
 3 17 24 55 59 22
 8 12 14 30 53  6
12 39 50 56 63 24
10 23 28 33 50 25
18 28 30 61 65 25
16 26 39 48 63 24
33 41 45 48 58  9
 9 27 31 39 62 26
50 52 53 54 61  1
17 37 51 56 57 17
 5 15 39 41 61 25
10 36 49 54 68  4
 5 25 36 40 44 15
12 16 23 47 68 23
12 18 25 42 51 25
 4  5 11 64 65 17
18 44 60 61 63  1
 4 24 25 36 42 22
 9 22 25 40 61 17
24 47 53 55 69 15
 6 18 20 33 65 21
22 35 36 54 65 20
 4 22 33 40 62 12
 5 10 26 61 64 24
 8 18 49 59 68 20
 5  9 31 43 61 17
28 39 44 56 61 24
11 12 36 46 51 10
 9 11 23 34 44 12
20 32 41 62 63 11
18 26 44 53 55  5
 4 47 51 52 63 14
 4 19 23 31 35 13
 6 11 13 27 28  9
 3 20 21 31 47 22
11 17 30 44 65 19
29 36 47 54 66 12
 5 12 16 21 57 25
 4  5 20 30 51 18
18 21 30 37 53 14
 2  6 14 22 41 22
 6 12 17 50 62 23
 4 26 30 38 54 11
 5 11 24 28 61 12
 4 29 53 58 67  4
 1 17 41 59 63  5
 8 22 27 36 54  1
 6 30 44 48 60 25
 8 16 46 52 64 21
 3 13 31 39 62  5
 2  3 33 45 64  7
 2 12 26 38 56 14
12 14 20 24 66  5
15 16 23 44 55 17
13 27 36 48 62  8
10 11 23 46 50  7
 9 13 19 35 61  4
12 15 27 38 61 19
18 34 36 44 61 15
27 42 47 50 60  1
36 37 46 53 69  8
 2 16 28 29 61  5
 1 11 16 20 24 16
 1  4 14 20 37 13
 9 15 41 51 63 26
 1  6 37 45 62  6
21 27 45 46 64  3
21 33 54 59 64  6
 2  3 29 61 64  7
 2 16 17 52 57 15
17 26 37 38 53  5
25 60 62 64 65  6
 2 22 29 33 49  5
15 34 36 41 67 22
12 18 32 37 61 25
30 37 57 60 64  9
 5 32 34 40 44 16
 3 39 43 62 64 23
20 27 37 44 64 14
13 18 22 39 48 16
43 44 49 51 60 25
 4 10 24 31 56  2
 1  7 42 64 66 15
22 29 34 47 50 19
 2 35 43 48 52 14
 2  6 35 38 42  8
12 25 45 47 48 21
 7 20 38 44 48  3
 3 20 21 28 46  4
 8 15 25 30 62  4
 1  3 25 41 55  1
 1 25 28 40 66  2
 4 11 24 32 65 19
 7 21 36 47 56 14
17 43 48 50 63 13
11 19 32 53 65 20
32 33 39 44 63 26
 1 31 41 64 65 20
16 26 35 47 66 20
34 43 47 52 64  3
 4 26 27 34 54 25
 2  6 17 36 43 23
 7 22 37 48 65 17
 5 44 45 48 58  4
25 39 40 57 61  3
19 37 42 63 66 20
32 35 50 56 57 22
 6 40 49 60 61 13
 1  3 11 58 67 14
 7 14 19 23 38  1
 5 15 26 32 52  8
23 28 36 39 61 12
18 26 51 58 59  2
13 16 29 31 39 22
 5 15 18 21 35 17
11 28 52 58 59  1
25 49 50 52 58 19
 3 14 25 35 64 21
11 28 40 44 68 26
14 15 30 34 51  5
 9 31 46 55 67 19
 9 13 22 32 64 11
29 41 44 51 63 14
25 37 48 55 63  3
 2  6 35 52 59  7
 4 35 37 38 47 17
11 40 43 61 68 14
 1  9 32 42 66  8
 1  9 39 58 65  7
10 12 21 29 38 12
14 28 43 63 65 13
14 34 51 52 68 11
23 35 43 46 62 19
27 30 58 63 66 25
 2 10 36 37 69 24
 2  6 11 39 65 18
10 19 21 33 52 25
13 16 50 61 63 10
 7 23 35 40 68  6
11 21 30 36 64  2
 8 26 31 34 50 21
 5 21 61 63 68 14
23 46 51 57 59 14
 9 43 45 64 65  6
23 28 31 34 63 19
 1 19 20 55 64 13
 3 22 39 52 67  7
15 40 47 55 69 12
 6 48 49 56 63 23
29 36 42 53 66 21
12 21 28 43 52  4
 2 23 38 57 69 20
 7 33 52 60 69  3
14 19 30 32 36 20
 1 16 21 52 68 19
14 35 37 47 57 16
 2 16 25 47 55 14
19 23 28 52 57 10
18 21 24 34 51 22
18 24 37 51 52 21
18 19 20 24 64 20
28 50 57 60 63  1
 1 21 23 40 42 23
13 23 43 50 65  9
 2  4 19 24 44 16
11 40 46 49 65  1
23 29 39 40 44 10
17 24 25 51 53  8
 7 16 47 61 64 17
 3  5 27 45 47 13
 3 20 40 57 68 14
14 15 49 52 57 25
 1 13 42 59 68 13
 1  5 25 38 63  4
19 29 31 39 63 11
 5 14 35 36 66 18
13 33 39 47 69 23
 7  8 10 37 65 21
 7 37 39 43 59  3
 4 24 27 38 62  3
13 23 24 31 36 14
 2 25 31 45 60 20
13 15 40 44 66  7
 2  4  6 42 68 25
10 19 22 30 47  1
 1 26 31 49 55  2
10 17 34 64 69  5
 6 31 41 57 68  9
27 28 36 53 68 14
34 36 56 60 65 16
 8 32 54 57 59  9
16 27 40 45 47  9
12 27 37 51 53 18
12 15 23 54 58 24
 1  9 20 27 63  9
28 32 51 57 60 16
 4 18 25 32 55 23
13 23 28 43 56 11
12 27 37 44 61 16
 5  7 15 47 49 23
 2 26 34 62 68 19
14 38 39 43 68 11
 3 17 21 40 50 18
 5  7 24 30 57 10
 7  9 28 56 57 11
 4 19 40 41 63  8
 2 13 20 38 47  8
 3  6  9 30 57  3
 7  8 10 16 68 13
18 19 23 24 66  8
 9 39 49 56 60  6
24 56 62 64 65 20
 1  2 40 49 62  5
11 26 45 46 68 25
15 40 48 59 69 13
 3 19 21 42 64  2
 2 23 24 43 63  2
20 36 39 43 63  5
 2  7 36 43 69 12
 2  9 14 20 25 23
13 16 39 41 48  7
 2  7 17 20 64 18
30 34 42 53 61  8
 5  8 12 34 42 11
 2 12 21 25 41  8
10 12 18 26 27 24
12 13 14 31 33 24
17 18 37 58 69  1
19 21 42 55 60 17
12 15 23 39 51  5
11 26 35 40 46  8
20 36 50 53 57  2
12 43 52 57 67 11
 1 15 26 64 68  3
 1  9 41 45 65  1
 4 14 22 33 67  3
 5 19 31 32 67 21
20 36 52 60 69  8
 1  2 19 30 40 13
11 28 39 43 55 26
 3 22 27 62 63 11
 9 28 32 39 57 18
 6 16 19 62 68 24
14 26 49 53 60 18
22 32 44 47 49 23
12 20 29 55 57 17
16 22 48 51 68 17
 3  8 10 20 60 17
15 37 50 56 68 16
11 16 30 51 60 23
 7 11 20 27 50 24
 8 45 59 60 63 14
18 31 34 43 49 15
 7 22 50 57 64  1
 6 17 31 35 65  8
 3  7 23 41 49 13
 1  5 23 24 49  7
 3 25 33 34 42 24
22 39 55 61 69  2
 1 19 25 41 69 22
26 29 45 47 48  3
16 22 27 35 53  8
 5 20 23 27 49  1
 6 15 20 51 52 16
19 21 24 41 47  1
 5 37 44 48 53 13
11 24 31 36 60 21
25 27 30 40 63 17
 5 29 42 55 63 17
 3  6  7 29 41 20
16 40 56 58 67 13
 8 39 45 51 58 13
 1 13 31 37 62  5
 9 10 30 45 50 18
15 17 19 29 51 20
 4  5 10 30 59  9
 3 25 49 60 64  1
 6 27 44 48 62  8
 6 26 35 45 66 22
 6 18 19 30 33 16
11 29 41 58 62  6
23 51 56 67 68  7
 5 20 21 27 53  6
 9 15 24 34 54  8
18 39 63 64 65  2
19 47 54 57 65 12
11 32 33 39 58 13
20 42 44 61 67  3
15 29 50 53 62 11
 2  4 15 27 57 17
 2 23 26 27 55 22
 6 29 39 44 45 10
 4 13 23 26 50  5
10 11 29 52 53  1
 1  3 56 58 66  3
 8 43 61 62 63  7
 1 12 17 34 51  7
 3 39 43 45 47  4
 5 29 32 56 61 23
30 36 43 56 68 26
 7 33 40 52 64 26
12 22 27 33 49  3
 4 31 44 58 64  9
 1 23 38 41 62  4
26 28 34 43 50 26
10 16 52 66 69 25
 8 34 51 53 54 22
 4 12 19 20 59 26
 9 17 29 32 69  1
 2 27 38 46 69 25
31 48 52 54 56 12
 1 12 39 43 49 18
11 19 40 43 52  9
 2  4  5 10 18  2
11 45 51 55 69  9
 9 21 24 53 65 14
 2 14 32 52 64 12
25 27 31 48 49 17
 5  7 12 44 62  4
 3 29 32 49 66  2
10 22 27 53 56 16
 4  8 34 49 52 21
 7  9 29 48 65  1
20 31 32 38 51 20
11 18 22 24 33 17
 4 13 39 58 66 13
11 12 31 53 60 19
17 28 45 46 61 22
 1 15 22 47 57 24
 5 20 22 28 49 21
 5 19 26 31 52  3
28 30 33 46 49 19
35 53 54 56 69 26
19 42 55 67 68 22
 5 32 45 53 54 11
 3 36 38 42 50 12
18 48 50 57 58 11
18 41 57 64 66 19
 1  5 46 61 65 11
 8 10 18 22 39 25
 1 14 42 48 66 23
14 47 48 51 54 13
 1  3 23 31 35  9
 6 33 36 48 50 17
15 22 27 31 68 10
 7 26 37 45 61 22
 1  2 14 22 57 19
 7 48 49 50 67 16
 9 17 40 41 45 14
 5 28 55 62 68 19
11 18 23 55 65 18
 2  8 28 51 64 19
 2  3  4 25 37 14
 3 22 40 56 64  6
12 36 38 52 69 18
40 51 52 67 68  5
11 40 61 62 68 17
 4 13 32 38 42 20
22 23 29 36 54 19
22 32 42 43 54  8
 4 11 17 26 44 20
12 23 26 37 43  2
12 29 33 44 60 25
 4  9 10 11 21 22
 8 17 25 40 53 11
12 16 36 47 62 18
11 28 52 60 69 25
18 20 36 47 56 21
 2  7 10 42 48 26
15 35 38 58 68 13
17 36 40 42 59  7
17 21 28 60 69  7
22 46 48 62 67  7
 3 10 14 19 42 15
 7  9 10 51 54 24
49 56 58 60 64  8
15 29 37 65 69  7
 2 14 20 38 41  2
10 12 14 44 45  8
 3 17 45 58 67 13
 6 42 51 57 59  8
13 36 44 47 54 17
23 38 46 53 61  5
 2 44 45 54 61 14
21 34 47 54 59 13
10 15 16 61 62 26
10 17 37 51 53 23
 6 13 39 65 67  5
 3 31 38 59 66 11
 7 14 31 36 54 23
38 43 53 56 68 23
 7 24 29 47 66 17
29 30 35 38 54 21
14 17 26 34 62  8
 2  3 34 40 62 26
 6  7 26 38 39  8
18 26 31 52 55  4
27 28 32 42 51 15
13 17 27 64 68 22
21 27 38 44 66  2
36 43 46 49 52 13
 1 13 24 51 56 11
11 16 19 36 57 22
 4 20 22 25 54 18
21 40 51 54 62 16
 8 13 20 60 65 22
13 29 41 57 66 18
18 35 41 45 67 25
 9 23 27 44 45  4
 7 12 23 37 64 25
12 14 39 55 65  1
 1 13 55 56 64 12
18 47 52 54 63 21
10 17 23 25 27 13
 7 21 49 57 69 22
20 21 32 34 45 16
 1 11 29 37 46 18
24 29 31 37 68  1
44 50 60 64 68  2
 1 26 31 56 59  2
21 33 35 40 51  5
45 48 53 60 63 14
22 33 36 58 68 14
 4 32 38 44 55 19
 9 14 17 45 61 15
 4 20 37 53 65 26
 3 25 50 57 65  1
 9 34 56 63 68 23
 2 23 30 49 50 22
 2 26 28 48 53  3
18 30 38 43 66 23
41 47 49 50 54 10
32 38 41 60 66 22
 4 33 42 43 47 18
19 20 22 64 65 25
30 41 51 53 54 11
 5 24 25 29 58  6
26 34 45 47 66 17
11 15 22 39 49 13
15 35 46 47 53 14
26 45 58 60 66 24
 2 24 28 33 55 20
 5 14 18 49 56 15
 2 21 45 52 67  6
 4 25 48 53 61 11
21 24 33 47 63 13
 4 12 28 33 42 25
25 29 39 55 63  8
 3  5  9 24 44 13
 4 24 38 46 54 14
10 37 45 57 59 21
 3 12 19 36 69  9
 3 10 23 62 66 15
11 12 24 43 52 15
15 22 53 58 65 12
 8 18 34 39 67  1
24 29 38 62 63  2
 5 34 42 49 61  9
 1 33 34 40 66  5
 4  8 26 32 48 11
 9 26 41 54 64 19
 4 19 23 39 64 18
 9 12 35 44 51  3
 5 16 54 58 64  3
11 12 31 47 50 26
20 23 32 57 64 26
11 23 37 38 68 24
 2 13 36 37 50 25
32 36 44 49 56 25
 1 34 50 51 53 13
 4 31 38 42 45 19
14 30 55 66 69 20
 2  4 23 25 62 25
18 31 47 59 67 23
 1 17 36 40 58 20
 5 30 43 55 58 22
16 20 59 63 69 16
 8 14 33 38 63  9
21 43 46 54 67  6
13 18 24 34 64 20
29 31 47 48 60 14
 9 10 26 55 63 21
 8 34 44 60 66 24
 2 10 29 38 46 24
 2  5 12 16 52 20
22 23 27 28 52  7
 9 24 28 43 46 18
 4 38 43 56 61 18
 1 21 32 42 64 12
 5 10 37 47 63 17
 5 10 14 20 37 21
 1  6 17 26 57  2
15 17 33 44 65 10
 2 32 34 57 69  9
10 31 42 43 66  1
 8 18 30 45 51  2
18 29 44 49 54  7
12 33 39 43 62 13
37 39 54 60 61 16
13 24 38 59 65 16
17 42 60 64 67 17
 7  9 19 29 58  6
 8  9 12 36 48 11
 2 14 21 60 67 11
 1 10 13 17 49 19
39 44 52 55 61 21
 1 32 39 42 56  6
 6 11 16 29 41  2
15 46 54 66 69  1
21 50 58 59 69  8
23 40 51 61 64  8
10 22 26 52 57 16
 1 15 45 48 69 18
15 17 49 55 62  9
 6  7 15 25 56 17
 3 19 26 31 46 17
 1  7 13 51 64 19
 3 16 20 55 61 26
23 38 41 48 51  2
24 30 44 51 54 24
 6 32 35 53 61  1
 1 11 52 66 67 14
 6 40 51 58 68 12
14 15 47 54 65 24
13 17 29 32 67  7
 4 37 38 39 59 16
13 15 17 38 66 22
13 22 35 36 48 23
 6 15 20 44 59 16
 7 21 52 64 66 18
 2  5 13 26 28 14
 5 13 26 36 37 20
 7  8  9 28 32 14
 3 18 22 48 55 14
20 53 55 59 62 21
 3 16 19 38 64 13
 3 10 42 58 64  2
 9 17 19 45 56 26
31 40 53 59 68 21
 5 12 25 32 57 18
 2 45 49 50 65 15
19 36 41 42 56 24
20 28 40 48 62  6
 3 35 48 64 68  7
28 37 39 45 58  1
 3 17 18 38 61 10
17 20 45 61 67 11
17 24 28 39 50 12
15 16 37 38 59 13
21 27 36 49 63 22
 1 19 20 32 54  5
11 20 40 43 64  4
15 21 22 43 51  6
 1 11 24 35 58 16
 6 25 30 33 57  2
 1 16 29 52 56 20
46 47 50 63 68  4
49 60 62 65 69  9
20 45 58 66 68  9
 2 14 21 51 60 23
11 21 33 42 58 16
 2  4 10 40 49  9
 9 13 15 37 66 10
29 35 38 55 68  5
 1  2  4 48 69 15
15 31 33 51 56 26
22 25 31 53 58 26
23 24 30 41 42 25
17 21 41 45 50 13
 2 27 39 51 65  6
 7 18 44 51 66  6
26 32 48 56 67 20
 1 17 39 47 55 17
 1  2  5  8 51 17
 1  3 28 55 64 26
 1 20 28 58 66 25
 4  5  7  8 20 16
 5  6 33 42 67 13
13 22 44 66 68 10
15 22 44 46 50 12
 8 26 44 49 57  7
 2 17 26 36 65 24
36 42 46 48 67 16
11 23 30 31 61  4
 7 42 50 52 69 18
 3  8 10 11 53 14
 3  4 61 63 67 20
 2  4 18 32 49  8
 8 24 53 57 69 10
 8 16 34 47 68  5
 8 18 33 48 64  1
 9 18 27 34 66 26
 6 11 44 45 48 14
14 25 30 39 66 26
 7 11 13 19 27 21
 2 10 19 32 53 22
12 20 25 52 65 16
 1  7 18 19 52 11
 8 13 31 41 61 12
18 20 23 47 54 20
26 31 33 37 44  2
14 31 40 64 68  8
29 39 53 56 59  9
 4 17 31 52 56  3
 5 25 37 44 61 12
31 34 50 62 69 21
 1 15 42 52 60 21
30 54 60 62 69 23
 2  4 30 36 48 22
15 26 32 50 68  4
29 36 45 50 51 18
 1 17 27 45 57  6
33 42 48 58 59 21
 1 21 32 56 66 17
 8 31 50 55 56  2
 6 26 28 47 58 17
12 13 17 41 59 25
 6  8 18 54 62 13
 9 12 34 45 59 14
24 26 32 33 52  6
29 52 53 67 69 22
12 36 44 52 63  3
 6 45 50 60 64  8
30 37 38 53 66  6
11 28 30 52 56  5
23 41 44 61 65  1
21 29 30 34 41 14
 6 26 28 30 59 24
 6 22 35 65 69 12
 7 22 25 60 66 13
11 19 30 43 49 20
25 32 37 59 65 11
 1 19 30 31 48 25
 3 19 21 52 65 19
 2  7 17 22 36 21
 9 12 35 42 62 22
 6  9 58 61 62 17
21 30 60 61 69 26
 9 11 37 38 41 25
 2 14 23 32 35  6
13 14 44 55 63  8
 2  7  9 33 54 11
 6 18 40 44 58 25
16 30 34 64 65  5
11 23 43 59 61  1
13 38 49 61 67 21
 5 17 36 50 67 24
33 37 41 50 58 25
 3 47 53 59 69  1
 1 22 36 41 56 13
 1  9 11 32 47 20
 3 22 29 45 51 20
 4 33 42 45 53  4
 1 10 32 38 44  1
18 42 52 62 68  2
13 20 28 34 61  2
 6 26 39 51 63  1
22 42 50 57 63  2
 7 35 39 40 53 25
 6 18 37 40 67 26
10 22 31 47 66  5
13 21 27 33 69 12
13 41 60 65 67  2
11 15 30 40 58 11
23 43 50 51 68 18
11 24 25 39 60  6
16 32 56 58 66 18
 3 10 18 40 61 23
 1 10 27 40 67 17
12 36 42 53 64 16
 3 26 33 58 59 17
 6 12 21 63 67  4
 1 29 43 53 69 15
 5 14 23 35 41 23
 3 15 64 65 66 13
18 27 30 40 64 14
12 16 24 37 69 23
29 35 57 61 66 13
 8 36 62 63 64  9
 5 39 41 63 66  6
19 45 47 48 61 11
 4 19 44 56 60 15
16 23 34 43 45 21
10 13 16 21 51 13
21 30 50 58 67 15
10 32 37 59 67 20
 5 11 14 50 69  1
 7 52 56 57 63  3
 5  7 25 53 55  9
13 34 59 64 66 26
 5 24 36 42 61 17
 5 25 33 51 61 19
 3 38 48 56 61 16
18 24 52 63 69 12
12 19 26 49 53 12
 5 34 35 50 52  7
32 38 42 47 52  1
 7 19 33 46 54  1
 4 11 30 55 57 22
 1 52 65 67 69 11
 6  9 14 37 47  2
13 16 25 51 60  2
23 24 31 56 65 14
20 25 51 57 64  7
 8 29 34 58 65  9
 1 40 50 54 68  3
10 25 32 39 65  2
 5 50 51 56 61  2
36 49 57 64 65 16
 1  5 36 45 67  6
 1 47 57 60 65  1
 4 15 37 44 45 19
26 43 52 53 57 21
15 17 22 46 49 22
 1 25 50 54 63  1
 9 22 54 59 69 14
 6  7 22 54 61  1
 4  8 19 27 38 21
 5 18 27 36 56  6
13 19 20 52 68 16
 3  6 52 62 67 15
10 35 37 41 65 13
22 27 32 39 47 24
 4 26 27 29 30 17
 6 50 53 64 69 17
 2 22 36 51 68 18
 1  2 13 19 34 12
29 31 38 52 65  2
